# 
x,y,rho,u,v,P,e_internal
0.0025,0.1,1,-4.28398e-136,-4.73968e-154,1,2.5
0.0075,0.1,1,-3.45341e-67,-4.04374e-85,1,2.5
0.0125,0.1,1,-6.52368e-33,-8.51214e-51,1,2.5
0.0175,0.1,1,-5.75984e-16,-9.5686e-34,1,2.5
0.0225,0.1,1,-1.57763e-15,-1.42553e-17,1,2.5
0.0275,0.1,1,9.49645e-14,-8.63754e-18,1,2.5
0.0325,0.1,1,3.18409e-13,2.36771e-15,1,2.5
0.0375,0.1,1,1.48352e-12,8.36842e-15,1,2.5
0.0425,0.1,1,3.75782e-12,3.93764e-14,1,2.5
0.0475,0.1,1,1.28406e-11,1.0231e-13,1,2.5
0.0525,0.1,1,2.97756e-11,3.5925e-13,1,2.5
0.0575,0.1,1,9.42962e-11,8.44407e-13,1,2.5
0.0625,0.1,1,2.12032e-10,2.70932e-12,1,2.5
0.0675,0.1,1,6.40579e-10,6.1281e-12,1,2.5
0.0725,0.1,1,1.40738e-09,1.8664e-11,1,2.5
0.0775,0.1,1,4.0734e-09,4.1172e-11,1,2.5
0.0825,0.1,1,8.74782e-09,1.20063e-10,1,2.5
0.0875,0.1,1,2.42397e-08,2.58902e-10,1,2.5
0.0925,0.1,1,5.08323e-08,7.23227e-10,1,2.5
0.0975,0.1,1,1.34616e-07,1.52362e-09,1,2.5
0.1025,0.1,1,2.75264e-07,4.07162e-09,1,2.5
0.1075,0.1,0.999999,6.95194e-07,8.36954e-09,0.999999,2.5
0.1125,0.1,0.999999,1.38371e-06,2.13566e-08,0.999998,2.5
0.1175,0.1,0.999997,3.32448e-06,4.27686e-08,0.999996,2.5
0.1225,0.1,0.999994,6.4278e-06,1.03979e-07,0.999992,2.49999
0.1275,0.1,0.999989,1.46491e-05,2.02492e-07,0.999984,2.49999
0.1325,0.1,0.999975,2.74467e-05,4.67882e-07,0.999965,2.49997
0.1375,0.1,0.999954,5.91332e-05,8.84191e-07,0.999935,2.49995
0.1425,0.1,0.999903,0.000107047,1.93612e-06,0.999864,2.4999
0.1475,0.1,0.999828,0.00021715,3.54165e-06,0.999759,2.49983
0.1525,0.1,0.999661,0.000378449,7.32527e-06,0.999526,2.49966
0.1575,0.1,0.999422,0.000719406,1.29323e-05,0.999191,2.49942
0.1625,0.1,0.998938,0.00120176,2.51717e-05,0.998514,2.49894
0.1675,0.1,0.998267,0.00212933,4.27408e-05,0.997575,2.49827
0.1725,0.1,0.997043,0.00339174,7.79801e-05,0.995863,2.49704
0.1775,0.1,0.995414,0.00557209,0.000126858,0.993586,2.49541
0.1825,0.1,0.992764,0.0084155,0.000216172,0.989884,2.49275
0.1875,0.1,0.989395,0.0127725,0.000335625,0.985184,2.48936
0.1925,0.1,0.98456,0.0181978,0.000533053,0.978449,2.48448
0.1975,0.1,0.978714,0.0255296,0.000787416,0.970322,2.47857
0.2025,0.1,0.971315,0.0342236,0.00116682,0.960062,2.47104
0.2075,0.1,0.962822,0.0446762,0.00163799,0.948322,2.46235
0.2125,0.1,0.953167,0.0564619,0.00227659,0.93502,2.45241
0.2175,0.1,0.942647,0.0694278,0.00304259,0.920585,2.44149
0.2225,0.1,0.931516,0.0833528,0.00400209,0.905373,2.42984
0.2275,0.1,0.919933,0.0979099,0.00511711,0.889614,2.41761
0.2325,0.1,0.908114,0.112955,0.00643625,0.873603,2.40499
0.2375,0.1,0.896183,0.128315,0.00792849,0.857515,2.39213
0.2425,0.1,0.884216,0.14387,0.00962689,0.841449,2.37908
0.2475,0.1,0.87229,0.159558,0.0115089,0.82551,2.36593
0.2525,0.1,0.860436,0.175332,0.0135951,0.809736,2.35269
0.2575,0.1,0.848679,0.191149,0.015872,0.794158,2.33939
0.2625,0.1,0.837038,0.206996,0.0183505,0.778796,2.32605
0.2675,0.1,0.825525,0.222853,0.021024,0.763665,2.31266
0.2725,0.1,0.814145,0.238709,0.0238974,0.748767,2.29924
0.2775,0.1,0.802907,0.254551,0.026968,0.734112,2.28579
0.2825,0.1,0.791816,0.270375,0.0302376,0.7197,2.27231
0.2875,0.1,0.780876,0.286168,0.0337055,0.705534,2.25879
0.2925,0.1,0.77009,0.301926,0.0373721,0.691614,2.24524
0.2975,0.1,0.759461,0.317639,0.041237,0.677941,2.23165
0.3025,0.1,0.748991,0.333303,0.0453004,0.664514,2.21803
0.3075,0.1,0.738684,0.34891,0.049562,0.651333,2.20437
0.3125,0.1,0.728541,0.364452,0.0540215,0.638396,2.19067
0.3175,0.1,0.718564,0.379923,0.0586786,0.625704,2.17692
0.3225,0.1,0.708756,0.395316,0.063533,0.613255,2.16314
0.3275,0.1,0.699118,0.410623,0.0685842,0.601047,2.1493
0.3325,0.1,0.689653,0.425835,0.0738315,0.589081,2.13543
0.3375,0.1,0.680361,0.440947,0.0792742,0.577354,2.1215
0.3425,0.1,0.671246,0.455947,0.0849116,0.565865,2.10752
0.3475,0.1,0.662308,0.470829,0.0907426,0.554614,2.09349
0.3525,0.1,0.653551,0.485582,0.0967663,0.5436,2.07941
0.3575,0.1,0.644976,0.500197,0.102981,0.53282,2.06527
0.3625,0.1,0.636584,0.514664,0.109386,0.522276,2.05109
0.3675,0.1,0.628379,0.528972,0.115979,0.511965,2.03685
0.3725,0.1,0.620363,0.54311,0.122759,0.501888,2.02256
0.3775,0.1,0.612537,0.557066,0.129722,0.492042,2.00821
0.3825,0.1,0.604906,0.570829,0.136868,0.482429,1.99382
0.3875,0.1,0.597469,0.584386,0.144194,0.473047,1.97938
0.3925,0.1,0.590232,0.597723,0.151696,0.463896,1.96489
0.3975,0.1,0.583195,0.610828,0.159372,0.454976,1.95036
0.4025,0.1,0.576362,0.623688,0.167217,0.446285,1.93578
0.4075,0.1,0.569735,0.636288,0.17523,0.437823,1.92117
0.4125,0.1,0.563316,0.648616,0.183404,0.429589,1.90652
0.4175,0.1,0.557107,0.660659,0.191736,0.421582,1.89184
0.4225,0.1,0.551107,0.672406,0.200221,0.413798,1.87712
0.4275,0.1,0.545319,0.683848,0.208854,0.406235,1.86237
0.4325,0.1,0.539739,0.694979,0.217629,0.398887,1.84759
0.4375,0.1,0.534364,0.705794,0.226539,0.391748,1.83278
0.4425,0.1,0.529188,0.716297,0.235579,0.384809,1.81792
0.4475,0.1,0.524201,0.726497,0.244742,0.378057,1.80301
0.4525,0.1,0.519389,0.736415,0.25402,0.371475,1.78803
0.4575,0.1,0.514731,0.74608,0.263406,0.365039,1.77296
0.4625,0.1,0.510198,0.755542,0.272893,0.358722,1.75776
0.4675,0.1,0.505751,0.764865,0.282474,0.352483,1.74237
0.4725,0.1,0.501343,0.774152,0.29214,0.346279,1.72675
0.4775,0.1,0.496894,0.783502,0.301885,0.340033,1.71079
0.4825,0.1,0.492352,0.793154,0.311703,0.333702,1.69443
0.4875,0.1,0.487507,0.803144,0.321588,0.327095,1.67739
0.4925,0.1,0.482462,0.814267,0.331534,0.320321,1.65982
0.4975,0.1,0.476334,0.825572,0.341546,0.312576,1.64053
0.5025,0.1,0.466137,0.841355,0.32667,0.305364,1.63774
0.5075,0.1,0.458285,0.853007,0.311948,0.300164,1.63743
0.5125,0.1,0.452008,0.861884,0.297359,0.296291,1.63875
0.5175,0.1,0.446861,0.86878,0.282884,0.293353,1.64119
0.5225,0.1,0.442573,0.874188,0.268508,0.291114,1.64444
0.5275,0.1,0.438965,0.878432,0.254216,0.289419,1.64831
0.5325,0.1,0.435912,0.881742,0.239995,0.288162,1.65264
0.5375,0.1,0.43332,0.884295,0.225833,0.287263,1.65734
0.5425,0.1,0.431112,0.886234,0.21172,0.286657,1.66231
0.5475,0.1,0.429226,0.887685,0.197647,0.286289,1.66747
0.5525,0.1,0.427607,0.888757,0.183607,0.286114,1.67276
0.5575,0.1,0.426207,0.889547,0.169591,0.286089,1.67811
0.5625,0.1,0.424986,0.890139,0.155597,0.28618,1.68347
0.5675,0.1,0.423911,0.890604,0.141617,0.286358,1.68879
0.5725,0.1,0.422955,0.891,0.12765,0.286599,1.69403
0.5775,0.1,0.422096,0.891375,0.113693,0.286883,1.69916
0.5825,0.1,0.421317,0.891763,0.0997427,0.287195,1.70415
0.5875,0.1,0.420605,0.892193,0.0857982,0.287525,1.709
0.5925,0.1,0.419951,0.892683,0.0718581,0.287865,1.71368
0.5975,0.1,0.419349,0.893247,0.0579213,0.288209,1.71819
0.6025,0.1,0.418792,0.893895,0.0439871,0.288553,1.72253
0.6075,0.1,0.418274,0.894631,0.0300551,0.288894,1.7267
0.6125,0.1,0.417791,0.895461,0.0161254,0.289232,1.73072
0.6175,0.1,0.41734,0.896396,0.00220035,0.289569,1.73461
0.6225,0.1,0.416884,0.897382,-0.0117113,0.289884,1.7384
0.6275,0.1,0.416428,0.89837,-0.0255984,0.290191,1.74214
0.6325,0.1,0.415962,0.899343,-0.0394499,0.290494,1.74592
0.6375,0.1,0.415465,0.900295,-0.0532549,0.290797,1.74983
0.6425,0.1,0.414906,0.901222,-0.0670037,0.2911,1.75401
0.6475,0.1,0.414245,0.902123,-0.0806876,0.291403,1.75864
0.6525,0.1,0.413428,0.902996,-0.0943,0.291706,1.76395
0.6575,0.1,0.412391,0.90384,-0.107837,0.292008,1.77022
0.6625,0.1,0.411054,0.904653,-0.121296,0.29231,1.7778
0.6675,0.1,0.409334,0.905436,-0.13468,0.29261,1.78711
0.6725,0.1,0.407135,0.906187,-0.147993,0.292909,1.7986
0.6775,0.1,0.404368,0.906905,-0.161241,0.293205,1.81274
0.6825,0.1,0.400945,0.907592,-0.174429,0.293499,1.83005
0.6875,0.1,0.396797,0.908245,-0.187558,0.293789,1.851
0.6925,0.1,0.391877,0.908866,-0.200622,0.294074,1.87606
0.6975,0.1,0.386171,0.909454,-0.213605,0.294353,1.90559
0.7025,0.1,0.379697,0.910009,-0.226472,0.294627,1.93988
0.7075,0.1,0.372517,0.910532,-0.239168,0.294893,1.97906
0.7125,0.1,0.364729,0.911022,-0.251613,0.295152,2.02309
0.7175,0.1,0.356466,0.91148,-0.263698,0.295402,2.07174
0.7225,0.1,0.347887,0.911906,-0.275287,0.295644,2.12456
0.7275,0.1,0.339172,0.912301,-0.286217,0.295876,2.18087
0.7325,0.1,0.330503,0.912666,-0.296307,0.296099,2.23975
0.7375,0.1,0.322059,0.913002,-0.305361,0.296312,2.30014
0.7425,0.1,0.314001,0.91331,-0.31319,0.296516,2.36079
0.7475,0.1,0.306465,0.913592,-0.319621,0.29671,2.42043
0.7525,0.1,0.299557,0.913851,-0.324511,0.296896,2.4778
0.7575,0.1,0.293347,0.914089,-0.327764,0.297074,2.53176
0.7625,0.1,0.287871,0.914309,-0.32934,0.297243,2.58139
0.7675,0.1,0.283134,0.914513,-0.329251,0.297406,2.62602
0.7725,0.1,0.279112,0.914706,-0.327566,0.297562,2.66526
0.7775,0.1,0.275759,0.914889,-0.3244,0.297712,2.69903
0.7825,0.1,0.273013,0.915066,-0.319897,0.297857,2.72749
0.7875,0.1,0.270805,0.915238,-0.314222,0.297997,2.75103
0.7925,0.1,0.26906,0.915408,-0.307547,0.298133,2.77014
0.7975,0.1,0.267703,0.915576,-0.300037,0.298265,2.78541
0.8025,0.1,0.266667,0.915746,-0.291845,0.298394,2.79744
0.8075,0.1,0.265888,0.915918,-0.283105,0.298521,2.80683
0.8125,0.1,0.265313,0.916092,-0.273931,0.298645,2.81409
0.8175,0.1,0.264895,0.916271,-0.264416,0.298768,2.81969
0.8225,0.1,0.264596,0.916456,-0.254634,0.298889,2.82402
0.8275,0.1,0.264387,0.916646,-0.244642,0.29901,2.82739
0.8325,0.1,0.264244,0.916842,-0.234485,0.29913,2.83005
0.8375,0.1,0.264149,0.917046,-0.224194,0.299249,2.8322
0.8425,0.1,0.264089,0.917258,-0.213794,0.299368,2.83396
0.8475,0.1,0.264055,0.91748,-0.2033,0.299488,2.83546
0.8525,0.1,0.26404,0.917712,-0.192726,0.299608,2.83677
0.8575,0.1,0.264038,0.917954,-0.182079,0.299729,2.83793
0.8625,0.1,0.264046,0.9182,-0.171366,0.299849,2.83898
0.8675,0.1,0.264059,0.91844,-0.160591,0.299964,2.83994
0.8725,0.1,0.264076,0.918681,-0.149758,0.300077,2.84082
0.8775,0.1,0.264107,0.918969,-0.138869,0.300203,2.84168
0.8825,0.1,0.26417,0.919392,-0.127926,0.300372,2.8426
0.8875,0.1,0.264269,0.919976,-0.116928,0.300592,2.84361
0.8925,0.1,0.264345,0.920436,-0.105876,0.300767,2.84446
0.8975,0.1,0.264235,0.919993,-0.0947756,0.30064,2.84444
0.9025,0.1,0.263796,0.917966,-0.0836438,0.299982,2.84294
0.9075,0.1,0.263332,0.915809,-0.0725006,0.299279,2.84127
0.9125,0.1,0.264111,0.919605,-0.0613327,0.30055,2.84493
0.9175,0.1,0.267907,0.937738,-0.0500347,0.306643,2.86147
0.9225,0.1,0.273892,0.965579,-0.0384215,0.316238,2.88653
0.9275,0.1,0.272544,0.959365,-0.026465,0.314094,2.88113
0.9325,0.1,0.245233,0.831792,-0.0148152,0.271535,2.76814
0.9375,0.1,0.191207,0.527181,-0.00547442,0.190209,2.48695
0.9425,0.1,0.147047,0.192416,-0.00101484,0.1275,2.16768
0.9475,0.1,0.129788,0.0409848,-0.000124102,0.105513,2.0324
0.9525,0.1,0.125829,0.00701149,-1.83475e-05,0.100932,2.00533
0.9575,0.1,0.125136,0.00114372,-2.97516e-06,0.100152,2.00086
0.9625,0.1,0.125022,0.00018507,-4.87799e-07,0.100025,2.00014
0.9675,0.1,0.125004,2.99032e-05,-8.00691e-08,0.100004,2.00002
0.9725,0.1,0.125001,4.83013e-06,-1.31397e-08,0.100001,2
0.9775,0.1,0.125,7.80088e-07,-2.15531e-09,0.1,2
0.9825,0.1,0.125,1.25974e-07,-3.53366e-10,0.1,2
0.9875,0.1,0.125,2.03393e-08,-5.79056e-11,0.1,2
0.9925,0.1,0.125,3.28536e-09,-9.51825e-12,0.1,2
0.9975,0.1,0.125,4.59598e-10,-1.53107e-12,0.1,2
0.0025,0.3,1,-3.3334e-136,4.91142e-158,1,2.5
0.0075,0.3,1,-3.06098e-67,1.10716e-88,1,2.5
0.0125,0.3,1,-6.16622e-33,7.22332e-54,1,2.5
0.0175,0.3,1,-5.61773e-16,2.96895e-36,1,2.5
0.0225,0.3,1,-4.03899e-16,3.88578e-19,1,2.5
0.0275,0.3,1,9.47669e-14,1.30418e-16,1,2.5
0.0325,0.3,1,3.33717e-13,-4.21496e-17,1,2.5
0.0375,0.3,1,1.47556e-12,5.22787e-16,1,2.5
0.0425,0.3,1,3.74642e-12,-1.96615e-16,1,2.5
0.0475,0.3,1,1.27587e-11,-8.39273e-17,1,2.5
0.0525,0.3,1,2.96021e-11,-1.11168e-15,1,2.5
0.0575,0.3,1,9.37523e-11,-1.85917e-15,1,2.5
0.0625,0.3,1,2.10794e-10,-7.1459e-15,1,2.5
0.0675,0.3,1,6.36562e-10,-1.44452e-14,1,2.5
0.0725,0.3,1,1.39824e-09,-4.79937e-14,1,2.5
0.0775,0.3,1,4.0461e-09,-1.08667e-13,1,2.5
0.0825,0.3,1,8.68833e-09,-3.29054e-13,1,2.5
0.0875,0.3,1,2.40706e-08,-7.19808e-13,1,2.5
0.0925,0.3,1,5.04733e-08,-2.06921e-12,1,2.5
0.0975,0.3,1,1.33641e-07,-4.40057e-12,1,2.5
0.1025,0.3,1,2.73245e-07,-1.20848e-11,1,2.5
0.1075,0.3,0.999999,6.89959e-07,-2.50713e-11,0.999999,2.5
0.1125,0.3,0.999999,1.37315e-06,-6.57613e-11,0.999998,2.5
0.1175,0.3,0.999997,3.29842e-06,-1.32974e-10,0.999996,2.5
0.1225,0.3,0.999994,6.37671e-06,-3.32543e-10,0.999992,2.49999
0.1275,0.3,0.999989,1.45293e-05,-6.54191e-10,0.999984,2.49999
0.1325,0.3,0.999975,2.72191e-05,-1.55571e-09,0.999965,2.49998
0.1375,0.3,0.999954,5.86288e-05,-2.97098e-09,0.999936,2.49995
0.1425,0.3,0.999904,0.000106121,-6.697e-09,0.999865,2.4999
0.1475,0.3,0.999829,0.000215217,-1.23828e-08,0.999761,2.49983
0.1525,0.3,0.999664,0.000375027,-2.63566e-08,0.99953,2.49966
0.1575,0.3,0.999427,0.000712719,-4.70313e-08,0.999198,2.49943
0.1625,0.3,0.998948,0.00119041,-9.4095e-08,0.998528,2.49895
0.1675,0.3,0.998284,0.00210871,-1.61404e-07,0.997599,2.49829
0.1725,0.3,0.997072,0.0033584,-3.01986e-07,0.995905,2.49707
0.1775,0.3,0.99546,0.00551606,-4.95692e-07,0.993652,2.49546
0.1825,0.3,0.992838,0.00832968,-8.63119e-07,0.989992,2.49283
0.1875,0.3,0.989505,0.0126397,-1.34953e-06,0.985344,2.48949
0.1925,0.3,0.984724,0.018006,-2.18053e-06,0.978688,2.48468
0.1975,0.3,0.978943,0.0252555,-3.23648e-06,0.970657,2.47884
0.2025,0.3,0.971628,0.0338506,-4.85865e-06,0.960524,2.47143
0.2075,0.3,0.963234,0.0441795,-6.84127e-06,0.948931,2.46288
0.2125,0.3,0.953697,0.0558222,-9.60429e-06,0.93581,2.45311
0.2175,0.3,0.943309,0.0686214,-1.28678e-05,0.921577,2.4424
0.2225,0.3,0.932327,0.0823596,-1.70659e-05,0.906598,2.43101
0.2275,0.3,0.920907,0.0967078,-2.18846e-05,0.891097,2.41907
0.2325,0.3,0.909265,0.111524,-2.77074e-05,0.875374,2.40682
0.2375,0.3,0.897524,0.126635,-3.42286e-05,0.859599,2.39436
0.2425,0.3,0.885758,0.141923,-4.17198e-05,0.843875,2.38179
0.2475,0.3,0.874042,0.157329,-4.99076e-05,0.828302,2.36917
0.2525,0.3,0.862407,0.172807,-5.89128e-05,0.812919,2.35654
0.2575,0.3,0.850873,0.188317,-6.84831e-05,0.797753,2.34392
0.2625,0.3,0.839458,0.20385,-7.85883e-05,0.782825,2.33134
0.2675,0.3,0.828171,0.21939,-8.89648e-05,0.768145,2.3188
0.2725,0.3,0.817016,0.234928,-9.94463e-05,0.753716,2.30631
0.2775,0.3,0.805998,0.250456,-0.000109727,0.739543,2.29387
0.2825,0.3,0.79512,0.265972,-0.000119522,0.725627,2.2815
0.2875,0.3,0.784384,0.28147,-0.000128456,0.711966,2.26919
0.2925,0.3,0.773789,0.296947,-0.000136134,0.698561,2.25695
0.2975,0.3,0.763338,0.312401,-0.000142096,0.685409,2.24478
0.3025,0.3,0.753029,0.32783,-0.000145841,0.672509,2.23268
0.3075,0.3,0.742865,0.343231,-0.000146811,0.659859,2.22065
0.3125,0.3,0.732844,0.358602,-0.0001444,0.647455,2.20871
0.3175,0.3,0.722966,0.373941,-0.000137944,0.635295,2.19684
0.3225,0.3,0.713232,0.389246,-0.000126727,0.623378,2.18505
0.3275,0.3,0.703641,0.404514,-0.000109974,0.6117,2.17334
0.3325,0.3,0.694193,0.419743,-8.68571e-05,0.600259,2.16171
0.3375,0.3,0.684889,0.434931,-5.64869e-05,0.589053,2.15018
0.3425,0.3,0.675728,0.450074,-1.7917e-05,0.578078,2.13872
0.3475,0.3,0.66671,0.46517,2.98588e-05,0.567334,2.12736
0.3525,0.3,0.657836,0.480215,8.79064e-05,0.556818,2.1161
0.3575,0.3,0.649107,0.495204,0.000157352,0.546528,2.10492
0.3625,0.3,0.640522,0.510135,0.00023938,0.536463,2.09385
0.3675,0.3,0.632084,0.525001,0.000335238,0.52662,2.08287
0.3725,0.3,0.623792,0.539797,0.000446227,0.517,2.07201
0.3775,0.3,0.615648,0.554518,0.000573708,0.507601,2.06125
0.3825,0.3,0.607654,0.569157,0.000719094,0.498422,2.0506
0.3875,0.3,0.599811,0.583705,0.000883848,0.489464,2.04007
0.3925,0.3,0.592123,0.598156,0.00106948,0.480725,2.02967
0.3975,0.3,0.58459,0.6125,0.00127753,0.472207,2.01939
0.4025,0.3,0.577217,0.626727,0.00150957,0.46391,2.00925
0.4075,0.3,0.570006,0.640825,0.00176717,0.455835,1.99926
0.4125,0.3,0.562961,0.654784,0.00205193,0.447984,1.98941
0.4175,0.3,0.556085,0.668589,0.00236536,0.440357,1.97972
0.4225,0.3,0.549383,0.682228,0.00270897,0.432958,1.9702
0.4275,0.3,0.542859,0.695685,0.0030841,0.425787,1.96085
0.4325,0.3,0.536518,0.708945,0.00349197,0.418847,1.95169
0.4375,0.3,0.530363,0.721993,0.00393355,0.41214,1.94272
0.4425,0.3,0.5244,0.734813,0.00440948,0.405667,1.93396
0.4475,0.3,0.518631,0.74739,0.00491996,0.399431,1.92541
0.4525,0.3,0.51306,0.759711,0.00546459,0.393431,1.91708
0.4575,0.3,0.507689,0.771762,0.00604218,0.387666,1.90897
0.4625,0.3,0.502518,0.783537,0.00665056,0.382134,1.90109
0.4675,0.3,0.497546,0.79503,0.00728617,0.376831,1.89345
0.4725,0.3,0.492767,0.806242,0.00794397,0.371748,1.88602
0.4775,0.3,0.488175,0.817181,0.00861636,0.366878,1.87882
0.4825,0.3,0.48376,0.82786,0.00929419,0.362204,1.87182
0.4875,0.3,0.479508,0.838308,0.00996193,0.357713,1.865
0.4925,0.3,0.475396,0.848544,0.0106077,0.353378,1.85833
0.4975,0.3,0.471421,0.85864,0.0111923,0.349193,1.85181
0.5025,0.3,0.467486,0.86854,0.0114732,0.345085,1.84543
0.5075,0.3,0.463717,0.877979,0.0115298,0.341182,1.83939
0.5125,0.3,0.460173,0.886831,0.0114137,0.337539,1.83376
0.5175,0.3,0.456877,0.89504,0.0111602,0.334176,1.82859
0.5225,0.3,0.453838,0.902589,0.010795,0.331098,1.82388
0.5275,0.3,0.451051,0.909484,0.0103375,0.328296,1.81962
0.5325,0.3,0.448503,0.91575,0.00980296,0.325755,1.81579
0.5375,0.3,0.446178,0.92142,0.00920412,0.323456,1.81237
0.5425,0.3,0.444057,0.926538,0.00855174,0.321375,1.80931
0.5475,0.3,0.442117,0.931151,0.00785529,0.319489,1.80659
0.5525,0.3,0.440335,0.935311,0.00712335,0.317774,1.80416
0.5575,0.3,0.438688,0.939068,0.00636387,0.316203,1.80198
0.5625,0.3,0.437156,0.94247,0.00558439,0.314756,1.80002
0.5675,0.3,0.435719,0.945561,0.00479216,0.313412,1.79825
0.5725,0.3,0.434361,0.948379,0.00399428,0.312153,1.79663
0.5775,0.3,0.433066,0.950957,0.00319779,0.310964,1.79513
0.5825,0.3,0.431824,0.95332,0.0024097,0.309834,1.79375
0.5875,0.3,0.430626,0.955489,0.00163705,0.308753,1.79246
0.5925,0.3,0.429465,0.957479,0.000886933,0.307713,1.79126
0.5975,0.3,0.428336,0.959299,0.000166504,0.306711,1.79013
0.6025,0.3,0.427235,0.960957,-0.00051698,0.305743,1.78908
0.6075,0.3,0.426159,0.962455,-0.00115628,0.304807,1.78811
0.6125,0.3,0.425105,0.963797,-0.00174418,0.303901,1.78721
0.6175,0.3,0.424071,0.964982,-0.00227477,0.303025,1.7864
0.6225,0.3,0.423049,0.966004,-0.00274739,0.302176,1.7857
0.6275,0.3,0.422031,0.966866,-0.00316429,0.301353,1.78513
0.6325,0.3,0.421005,0.967569,-0.00352771,0.300554,1.78474
0.6375,0.3,0.419953,0.968113,-0.00384003,0.29978,1.7846
0.6425,0.3,0.418853,0.968498,-0.00410382,0.299031,1.78482
0.6475,0.3,0.417673,0.968726,-0.00432188,0.298306,1.78552
0.6525,0.3,0.41637,0.968795,-0.00449726,0.297606,1.78691
0.6575,0.3,0.414892,0.968706,-0.0046333,0.29693,1.7892
0.6625,0.3,0.41317,0.968459,-0.00473361,0.29628,1.79272
0.6675,0.3,0.411128,0.968056,-0.00480204,0.295654,1.79782
0.6725,0.3,0.408678,0.967496,-0.00484263,0.295054,1.80493
0.6775,0.3,0.405725,0.966779,-0.00485952,0.294479,1.81452
0.6825,0.3,0.402177,0.965906,-0.00485687,0.293931,1.82713
0.6875,0.3,0.397949,0.964877,-0.0048387,0.29341,1.84327
0.6925,0.3,0.392971,0.963693,-0.00480881,0.292917,1.86348
0.6975,0.3,0.387201,0.962354,-0.0047706,0.292451,1.88824
0.7025,0.3,0.38063,0.960861,-0.004727,0.292014,1.91797
0.7075,0.3,0.373289,0.959216,-0.00468036,0.291606,1.95295
0.7125,0.3,0.365253,0.957421,-0.0046324,0.291227,1.99332
0.7175,0.3,0.356638,0.955479,-0.00458416,0.290876,2.03902
0.7225,0.3,0.347597,0.953396,-0.00453599,0.290554,2.08973
0.7275,0.3,0.338315,0.951179,-0.00448763,0.29026,2.14489
0.7325,0.3,0.328988,0.948838,-0.00443825,0.289992,2.20366
0.7375,0.3,0.319821,0.946384,-0.00438659,0.289748,2.26493
0.7425,0.3,0.311004,0.943832,-0.00433111,0.289529,2.32737
0.7475,0.3,0.302707,0.941198,-0.00427023,0.289331,2.38953
0.7525,0.3,0.295066,0.938502,-0.00420246,0.289154,2.44991
0.7575,0.3,0.288179,0.935763,-0.00412664,0.288996,2.50709
0.7625,0.3,0.282101,0.933004,-0.00404209,0.288855,2.55986
0.7675,0.3,0.276849,0.930245,-0.00394863,0.288732,2.60731
0.7725,0.3,0.272405,0.927508,-0.00384663,0.288625,2.64886
0.7775,0.3,0.268721,0.924813,-0.0037369,0.288534,2.68433
0.7825,0.3,0.265729,0.922177,-0.00362061,0.28846,2.71385
0.7875,0.3,0.263349,0.919617,-0.00349913,0.288401,2.73783
0.7925,0.3,0.261494,0.917148,-0.00337388,0.288359,2.75685
0.7975,0.3,0.260079,0.914781,-0.00324624,0.288335,2.77161
0.8025,0.3,0.259025,0.912527,-0.00311743,0.288328,2.78282
0.8075,0.3,0.25826,0.910393,-0.00298852,0.288339,2.79118
0.8125,0.3,0.257721,0.908386,-0.00286038,0.28837,2.7973
0.8175,0.3,0.257359,0.906512,-0.0027337,0.28842,2.80173
0.8225,0.3,0.25713,0.904775,-0.00260902,0.28849,2.8049
0.8275,0.3,0.257004,0.903179,-0.00248672,0.28858,2.80716
0.8325,0.3,0.256955,0.901725,-0.00236712,0.288692,2.80879
0.8375,0.3,0.256964,0.900418,-0.00225045,0.288826,2.80999
0.8425,0.3,0.257018,0.899258,-0.0021369,0.288982,2.81092
0.8475,0.3,0.257108,0.89825,-0.00202661,0.289161,2.81167
0.8525,0.3,0.257227,0.897393,-0.00191974,0.289364,2.81234
0.8575,0.3,0.257371,0.896688,-0.00181642,0.28959,2.81296
0.8625,0.3,0.257534,0.896126,-0.00171677,0.289836,2.81356
0.8675,0.3,0.257714,0.8957,-0.00162091,0.2901,2.81417
0.8725,0.3,0.257911,0.895429,-0.00152901,0.290389,2.81481
0.8775,0.3,0.25814,0.89538,-0.00144126,0.290723,2.81556
0.8825,0.3,0.258419,0.895644,-0.00135798,0.291134,2.81649
0.8875,0.3,0.258737,0.896177,-0.00127943,0.291605,2.81758
0.8925,0.3,0.259001,0.896517,-0.00120555,0.291988,2.81841
0.8975,0.3,0.259025,0.895772,-0.00113557,0.291991,2.81818
0.9025,0.3,0.258747,0.893647,-0.00106851,0.291519,2.81664
0.9075,0.3,0.258737,0.892905,-0.00100529,0.291468,2.81625
0.9125,0.3,0.260551,0.901106,-0.000951964,0.294301,2.82383
0.9175,0.3,0.265649,0.925009,-0.000919013,0.30235,2.84539
0.9225,0.3,0.271306,0.950821,-0.000908667,0.311279,2.86834
0.9275,0.3,0.264707,0.920193,-0.000887213,0.300855,2.8414
0.9325,0.3,0.228603,0.743803,-0.00075917,0.24546,2.68434
0.9375,0.3,0.174531,0.409983,-0.000441366,0.165679,2.37321
0.9425,0.3,0.139453,0.125865,-0.000130553,0.117472,2.10594
0.9475,0.3,0.127912,0.0247607,-2.28706e-05,0.103313,2.01921
0.9525,0.3,0.125499,0.00421783,-3.56159e-06,0.10056,2.00319
0.9575,0.3,0.125083,0.000697661,-5.52855e-07,0.100093,2.00053
0.9625,0.3,0.125014,0.000114783,-8.57985e-08,0.100015,2.00009
0.9675,0.3,0.125002,1.886e-05,-1.33105e-08,0.100003,2.00001
0.9725,0.3,0.125,3.09688e-06,-2.06394e-09,0.1,2
0.9775,0.3,0.125,5.08252e-07,-3.1987e-10,0.1,2
0.9825,0.3,0.125,8.33715e-08,-4.9548e-11,0.1,2
0.9875,0.3,0.125,1.36679e-08,-7.67076e-12,0.1,2
0.9925,0.3,0.125,2.24087e-09,-1.19058e-12,0.1,2
0.9975,0.3,0.125,3.17487e-10,-1.80917e-13,0.1,2
0.0025,0.5,1,-4.23545e-136,5.88989e-158,1,2.5
0.0075,0.5,1,-3.4128e-67,4.29712e-89,1,2.5
0.0125,0.5,1,-6.42479e-33,6.60007e-55,1,2.5
0.0175,0.5,1,-5.62661e-16,3.594e-38,1,2.5
0.0225,0.5,1,3.61267e-15,3.75255e-18,1,2.5
0.0275,0.5,1,9.32583e-14,-2.00617e-17,1,2.5
0.0325,0.5,1,3.34148e-13,-1.71979e-16,1,2.5
0.0375,0.5,1,1.47732e-12,2.65971e-16,1,2.5
0.0425,0.5,1,3.73352e-12,-6.63603e-16,1,2.5
0.0475,0.5,1,1.28041e-11,4.59122e-16,1,2.5
0.0525,0.5,1,2.97049e-11,-1.06271e-16,1,2.5
0.0575,0.5,1,9.40554e-11,3.48117e-15,1,2.5
0.0625,0.5,1,2.1153e-10,7.67524e-15,1,2.5
0.0675,0.5,1,6.38949e-10,2.14395e-14,1,2.5
0.0725,0.5,1,1.40362e-09,6.64252e-14,1,2.5
0.0775,0.5,1,4.06218e-09,1.56303e-13,1,2.5
0.0825,0.5,1,8.72343e-09,4.68479e-13,1,2.5
0.0875,0.5,1,2.41702e-08,1.03403e-12,1,2.5
0.0925,0.5,1,5.06854e-08,2.96166e-12,1,2.5
0.0975,0.5,1,1.34216e-07,6.3367e-12,1,2.5
0.1025,0.5,1,2.74439e-07,1.73447e-11,1,2.5
0.1075,0.5,0.999999,6.93051e-07,3.61794e-11,0.999999,2.5
0.1125,0.5,0.999999,1.3794e-06,9.46023e-11,0.999998,2.5
0.1175,0.5,0.999997,3.31383e-06,1.92332e-10,0.999996,2.5
0.1225,0.5,0.999994,6.40699e-06,4.79513e-10,0.999992,2.49999
0.1275,0.5,0.999989,1.46002e-05,9.48655e-10,0.999984,2.49999
0.1325,0.5,0.999975,2.73542e-05,2.24934e-09,0.999965,2.49997
0.1375,0.5,0.999954,5.89279e-05,4.32119e-09,0.999935,2.49995
0.1425,0.5,0.999903,0.000106671,9.71428e-09,0.999865,2.4999
0.1475,0.5,0.999828,0.000216365,1.80749e-08,0.99976,2.49983
0.1525,0.5,0.999662,0.000377066,3.83833e-08,0.999528,2.49966
0.1575,0.5,0.999424,0.0007167,6.89543e-08,0.999194,2.49942
0.1625,0.5,0.998942,0.00119719,1.37723e-07,0.99852,2.49894
0.1675,0.5,0.998274,0.00212102,2.37976e-07,0.997585,2.49828
0.1725,0.5,0.997054,0.00337838,4.44936e-07,0.99588,2.49706
0.1775,0.5,0.995431,0.00554967,7.36318e-07,0.993612,2.49543
0.1825,0.5,0.992791,0.00838137,1.28317e-06,0.989927,2.49279
0.1875,0.5,0.989436,0.0127199,2.02516e-06,0.985247,2.48942
0.1925,0.5,0.98462,0.0181224,3.28253e-06,0.978544,2.48457
0.1975,0.5,0.978796,0.0254224,4.92639e-06,0.970454,2.47869
0.2025,0.5,0.971425,0.0340792,7.44347e-06,0.960242,2.47122
0.2075,0.5,0.962963,0.0444858,1.06227e-05,0.948557,2.4626
0.2125,0.5,0.953342,0.0562199,1.50744e-05,0.935323,2.45275
0.2175,0.5,0.942858,0.0691271,2.05341e-05,0.920961,2.44194
0.2225,0.5,0.931764,0.0829888,2.76684e-05,0.905832,2.43042
0.2275,0.5,0.920216,0.0974779,3.62164e-05,0.890162,2.41835
0.2325,0.5,0.90843,0.112453,4.68435e-05,0.87425,2.40594
0.2375,0.5,0.896528,0.127739,5.93507e-05,0.858266,2.39331
0.2425,0.5,0.884583,0.143222,7.43396e-05,0.84231,2.38053
0.2475,0.5,0.872671,0.15884,9.17176e-05,0.826485,2.36769
0.2525,0.5,0.860821,0.174548,0.000111976,0.81083,2.35482
0.2575,0.5,0.849056,0.190307,0.000135127,0.795372,2.34193
0.2625,0.5,0.837391,0.206105,0.000161557,0.780132,2.32906
0.2675,0.5,0.825838,0.221927,0.000191353,0.765123,2.3162
0.2725,0.5,0.8144,0.237763,0.000224818,0.750346,2.30337
0.2775,0.5,0.803083,0.253606,0.00026209,0.735809,2.29058
0.2825,0.5,0.791889,0.269451,0.000303411,0.721511,2.27782
0.2875,0.5,0.780821,0.285293,0.000348944,0.707455,2.2651
0.2925,0.5,0.769879,0.30113,0.000398896,0.693639,2.25243
0.2975,0.5,0.759066,0.316957,0.000453439,0.680062,2.2398
0.3025,0.5,0.748381,0.332772,0.000512757,0.666724,2.22722
0.3075,0.5,0.737825,0.348572,0.000577022,0.653622,2.21469
0.3125,0.5,0.727399,0.364356,0.000646405,0.640755,2.20221
0.3175,0.5,0.717102,0.380119,0.000721074,0.628122,2.18979
0.3225,0.5,0.706934,0.395861,0.000801193,0.615719,2.17743
0.3275,0.5,0.696897,0.411578,0.000886923,0.603546,2.16512
0.3325,0.5,0.68699,0.427268,0.000978424,0.591601,2.15287
0.3375,0.5,0.677213,0.442928,0.00107585,0.57988,2.14069
0.3425,0.5,0.667566,0.458554,0.00117937,0.568384,2.12857
0.3475,0.5,0.65805,0.474145,0.00128912,0.557109,2.11651
0.3525,0.5,0.648666,0.489696,0.00140527,0.546055,2.10453
0.3575,0.5,0.639414,0.505203,0.00152797,0.53522,2.09262
0.3625,0.5,0.630295,0.520663,0.00165737,0.524602,2.08078
0.3675,0.5,0.62131,0.536069,0.00179364,0.514201,2.06902
0.3725,0.5,0.612459,0.551418,0.00193693,0.504015,2.05734
0.3775,0.5,0.603745,0.566703,0.0020874,0.494045,2.04575
0.3825,0.5,0.595168,0.581918,0.0022452,0.484289,2.03425
0.3875,0.5,0.586732,0.597055,0.00241051,0.474748,2.02285
0.3925,0.5,0.578438,0.612106,0.00258347,0.465422,2.01155
0.3975,0.5,0.570288,0.627062,0.00276425,0.456311,2.00035
0.4025,0.5,0.562287,0.641912,0.00295301,0.447417,1.98927
0.4075,0.5,0.554437,0.656646,0.00314988,0.438741,1.97832
0.4125,0.5,0.546743,0.671249,0.003355,0.430286,1.9675
0.4175,0.5,0.539209,0.685708,0.00356849,0.422053,1.95681
0.4225,0.5,0.53184,0.700006,0.00379044,0.414046,1.94629
0.4275,0.5,0.524644,0.714124,0.00402087,0.406269,1.93593
0.4325,0.5,0.517625,0.728042,0.00425978,0.398726,1.92575
0.4375,0.5,0.510793,0.741737,0.00450707,0.391423,1.91576
0.4425,0.5,0.504155,0.755183,0.00476252,0.384366,1.90599
0.4475,0.5,0.497722,0.768353,0.00502577,0.377561,1.89645
0.4525,0.5,0.491502,0.781216,0.00529626,0.371017,1.88716
0.4575,0.5,0.485508,0.793738,0.00557319,0.364742,1.87815
0.4625,0.5,0.479751,0.805882,0.00585542,0.358745,1.86943
0.4675,0.5,0.474245,0.817611,0.00614143,0.353037,1.86105
0.4725,0.5,0.469001,0.828882,0.00642918,0.347626,1.85301
0.4775,0.5,0.464035,0.839655,0.00671606,0.342524,1.84536
0.4825,0.5,0.459358,0.849886,0.00699873,0.33774,1.83811
0.4875,0.5,0.454983,0.859533,0.00727314,0.333285,1.8313
0.4925,0.5,0.450922,0.868559,0.00753414,0.329165,1.82496
0.4975,0.5,0.447184,0.876926,0.00777618,0.325388,1.81909
0.5025,0.5,0.443774,0.884607,0.00799118,0.321955,1.81373
0.5075,0.5,0.440697,0.891576,0.00817498,0.31887,1.80889
0.5125,0.5,0.437954,0.897819,0.00832521,0.316128,1.80458
0.5175,0.5,0.435539,0.903332,0.00844038,0.313725,1.80079
0.5225,0.5,0.433444,0.908128,0.00851944,0.311648,1.79751
0.5275,0.5,0.431653,0.91223,0.00856164,0.309881,1.79474
0.5325,0.5,0.430146,0.915679,0.00856649,0.308403,1.79243
0.5375,0.5,0.428899,0.918524,0.00853374,0.307188,1.79056
0.5425,0.5,0.427883,0.920826,0.00846341,0.306207,1.78908
0.5475,0.5,0.427068,0.922652,0.00835582,0.30543,1.78794
0.5525,0.5,0.426424,0.924071,0.00821157,0.304825,1.7871
0.5575,0.5,0.42592,0.925152,0.00803157,0.304364,1.78651
0.5625,0.5,0.425529,0.925957,0.00781697,0.304018,1.78612
0.5675,0.5,0.425225,0.926546,0.00756916,0.303762,1.78589
0.5725,0.5,0.424987,0.926967,0.00728974,0.303575,1.78579
0.5775,0.5,0.424796,0.927263,0.00698043,0.303439,1.78579
0.5825,0.5,0.424639,0.927465,0.00664311,0.303341,1.78588
0.5875,0.5,0.424504,0.9276,0.00627973,0.303269,1.78602
0.5925,0.5,0.424383,0.927688,0.00589231,0.303216,1.78622
0.5975,0.5,0.424267,0.92774,0.00548291,0.303176,1.78647
0.6025,0.5,0.424154,0.927769,0.00505363,0.303145,1.78676
0.6075,0.5,0.424037,0.92778,0.0046066,0.303119,1.78711
0.6125,0.5,0.423912,0.927779,0.00414397,0.303098,1.78751
0.6175,0.5,0.423773,0.927769,0.00366787,0.30308,1.78799
0.6225,0.5,0.423614,0.927751,0.00318027,0.303065,1.78857
0.6275,0.5,0.423423,0.927729,0.00268308,0.303051,1.78929
0.6325,0.5,0.423187,0.927703,0.00217822,0.303039,1.79022
0.6375,0.5,0.422884,0.927675,0.00166762,0.303028,1.79144
0.6425,0.5,0.422485,0.927644,0.00115316,0.303019,1.79308
0.6475,0.5,0.421952,0.927611,0.000636602,0.303011,1.7953
0.6525,0.5,0.421233,0.927578,0.000119598,0.303005,1.79832
0.6575,0.5,0.420266,0.927544,-0.000396418,0.302999,1.80242
0.6625,0.5,0.418977,0.927511,-0.000910272,0.302994,1.80794
0.6675,0.5,0.417278,0.927477,-0.00142112,0.302991,1.81528
0.6725,0.5,0.415079,0.927445,-0.00192848,0.302988,1.82488
0.6775,0.5,0.412286,0.927413,-0.00243227,0.302986,1.83723
0.6825,0.5,0.408812,0.927383,-0.00293276,0.302985,1.85284
0.6875,0.5,0.404583,0.927354,-0.00343056,0.302985,1.8722
0.6925,0.5,0.399548,0.927327,-0.00392643,0.302985,1.8958
0.6975,0.5,0.393689,0.927301,-0.00442123,0.302986,1.92401
0.7025,0.5,0.387024,0.927278,-0.00491565,0.302987,1.95716
0.7075,0.5,0.37961,0.927256,-0.00541005,0.302989,1.9954
0.7125,0.5,0.371546,0.927235,-0.00590421,0.302991,2.03872
0.7175,0.5,0.362968,0.927217,-0.00639711,0.302993,2.08692
0.7225,0.5,0.35404,0.9272,-0.00688677,0.302996,2.13956
0.7275,0.5,0.344949,0.927185,-0.0073701,0.302999,2.19597
0.7325,0.5,0.335885,0.927172,-0.00784288,0.303002,2.25525
0.7375,0.5,0.327036,0.927161,-0.00829989,0.303005,2.3163
0.7425,0.5,0.318574,0.927151,-0.00873508,0.303008,2.37785
0.7475,0.5,0.310645,0.927143,-0.00914196,0.303012,2.43857
0.7525,0.5,0.303362,0.927136,-0.00951406,0.303015,2.49714
0.7575,0.5,0.296803,0.927131,-0.0098454,0.303018,2.55235
0.7625,0.5,0.29101,0.927128,-0.010131,0.303022,2.60319
0.7675,0.5,0.285989,0.927125,-0.0103671,0.303025,2.64892
0.7725,0.5,0.281719,0.927125,-0.0105517,0.303029,2.68911
0.7775,0.5,0.278153,0.927125,-0.0106843,0.303032,2.72361
0.7825,0.5,0.275229,0.927127,-0.0107656,0.303035,2.75257
0.7875,0.5,0.272874,0.92713,-0.0107979,0.303038,2.77635
0.7925,0.5,0.271011,0.927133,-0.0107841,0.303042,2.79547
0.7975,0.5,0.269562,0.927138,-0.010728,0.303045,2.81053
0.8025,0.5,0.268454,0.927143,-0.0106333,0.303047,2.82215
0.8075,0.5,0.267621,0.927149,-0.0105039,0.30305,2.83096
0.8125,0.5,0.267006,0.927155,-0.0103438,0.303053,2.83751
0.8175,0.5,0.266558,0.927161,-0.0101564,0.303055,2.84231
0.8225,0.5,0.266237,0.927168,-0.00994508,0.303058,2.84575
0.8275,0.5,0.266011,0.927175,-0.00971294,0.30306,2.84819
0.8325,0.5,0.265855,0.927181,-0.00946278,0.303062,2.84988
0.8375,0.5,0.265748,0.927188,-0.00919719,0.303064,2.85104
0.8425,0.5,0.265676,0.927194,-0.0089186,0.303065,2.85183
0.8475,0.5,0.265629,0.927201,-0.00862933,0.303067,2.85236
0.8525,0.5,0.265598,0.927209,-0.00833159,0.303069,2.8527
0.8575,0.5,0.265579,0.927218,-0.00802752,0.303071,2.85293
0.8625,0.5,0.265566,0.927221,-0.00771919,0.303071,2.85307
0.8675,0.5,0.265554,0.927208,-0.00740861,0.303066,2.85315
0.8725,0.5,0.265543,0.927183,-0.00709786,0.303057,2.85318
0.8775,0.5,0.26554,0.927186,-0.00678928,0.303057,2.85321
0.8825,0.5,0.265562,0.927304,-0.0064856,0.303095,2.85334
0.8875,0.5,0.265618,0.927579,-0.00618935,0.303187,2.8536
0.8925,0.5,0.265655,0.927763,-0.00590116,0.303247,2.85377
0.8975,0.5,0.265517,0.927113,-0.00561831,0.303028,2.85319
0.9025,0.5,0.265048,0.924882,-0.0053374,0.302279,2.85117
0.9075,0.5,0.264496,0.922255,-0.00506625,0.301399,2.8488
0.9125,0.5,0.265055,0.924945,-0.00484009,0.302295,2.85124
0.9175,0.5,0.268534,0.941508,-0.00471402,0.307871,2.86622
0.9225,0.5,0.274463,0.969069,-0.00468581,0.317384,2.89095
0.9275,0.5,0.274072,0.967188,-0.00454566,0.316753,2.88932
0.9325,0.5,0.248799,0.850083,-0.00381141,0.277228,2.78566
0.9375,0.5,0.195329,0.554484,-0.00219391,0.196382,2.51347
0.9425,0.5,0.149173,0.210782,-0.000637719,0.130384,2.18511
0.9475,0.5,0.130357,0.0459425,-0.000101069,0.106189,2.03652
0.9525,0.5,0.125932,0.00787853,-1.49303e-05,0.101047,2.00599
0.9575,0.5,0.125152,0.00128119,-2.31611e-06,0.10017,2.00097
0.9625,0.5,0.125024,0.000206492,-3.62415e-07,0.100027,2.00016
0.9675,0.5,0.125004,3.32299e-05,-5.67515e-08,0.100004,2.00003
0.9725,0.5,0.125001,5.34629e-06,-8.88309e-09,0.100001,2
0.9775,0.5,0.125,8.60129e-07,-1.38955e-09,0.1,2
0.9825,0.5,0.125,1.38379e-07,-2.17217e-10,0.1,2
0.9875,0.5,0.125,2.22608e-08,-3.39322e-11,0.1,2
0.9925,0.5,0.125,3.58296e-09,-5.31375e-12,0.1,2
0.9975,0.5,0.125,4.99716e-10,-8.14522e-13,0.1,2
0.0025,0.7,1,-7.49778e-138,1.17843e-155,1,2.5
0.0075,0.7,1,-5.04872e-68,7.88218e-86,1,2.5
0.0125,0.7,1,-2.74581e-33,4.22018e-51,1,2.5
0.0175,0.7,1,-4.12115e-16,6.19322e-34,1,2.5
0.0225,0.7,1,-1.19971e-15,7.74936e-18,1,2.5
0.0275,0.7,1,8.77689e-14,-5.67879e-18,1,2.5
0.0325,0.7,1,3.45132e-13,-3.07376e-16,1,2.5
0.0375,0.7,1,1.45585e-12,-5.38347e-17,1,2.5
0.0425,0.7,1,3.7541e-12,-4.0884e-17,1,2.5
0.0475,0.7,1,1.2781e-11,7.82829e-16,1,2.5
0.0525,0.7,1,2.97227e-11,-7.64216e-16,1,2.5
0.0575,0.7,1,9.40627e-11,1.47404e-15,1,2.5
0.0625,0.7,1,2.1151e-10,8.45846e-16,1,2.5
0.0675,0.7,1,6.38906e-10,6.58303e-15,1,2.5
0.0725,0.7,1,1.40362e-09,1.61273e-14,1,2.5
0.0775,0.7,1,4.06214e-09,4.42319e-14,1,2.5
0.0825,0.7,1,8.72336e-09,1.28909e-13,1,2.5
0.0875,0.7,1,2.41701e-08,2.91538e-13,1,2.5
0.0925,0.7,1,5.06849e-08,8.32913e-13,1,2.5
0.0975,0.7,1,1.34215e-07,1.78509e-12,1,2.5
0.1025,0.7,1,2.74436e-07,4.88824e-12,1,2.5
0.1075,0.7,0.999999,6.93043e-07,1.01837e-11,0.999999,2.5
0.1125,0.7,0.999999,1.37939e-06,2.66528e-11,0.999998,2.5
0.1175,0.7,0.999997,3.31379e-06,5.40941e-11,0.999996,2.5
0.1225,0.7,0.999994,6.4069e-06,1.34996e-10,0.999992,2.49999
0.1275,0.7,0.999989,1.46e-05,2.6658e-10,0.999984,2.49999
0.1325,0.7,0.999975,2.73538e-05,6.32672e-10,0.999965,2.49997
0.1375,0.7,0.999954,5.89269e-05,1.21307e-09,0.999935,2.49995
0.1425,0.7,0.999903,0.00010667,2.72931e-09,0.999865,2.4999
0.1475,0.7,0.999828,0.000216362,5.06799e-09,0.99976,2.49983
0.1525,0.7,0.999662,0.000377059,1.07694e-08,0.999528,2.49966
0.1575,0.7,0.999424,0.000716687,1.93052e-08,0.999194,2.49942
0.1625,0.7,0.998942,0.00119716,3.85756e-08,0.99852,2.49894
0.1675,0.7,0.998274,0.00212098,6.65015e-08,0.997585,2.49828
0.1725,0.7,0.997054,0.00337831,1.24352e-07,0.99588,2.49706
0.1775,0.7,0.995431,0.00554954,2.05268e-07,0.993612,2.49543
0.1825,0.7,0.992792,0.00838117,3.57611e-07,0.989927,2.49279
0.1875,0.7,0.989436,0.0127195,5.62828e-07,0.985248,2.48942
0.1925,0.7,0.984621,0.0181219,9.11516e-07,0.978544,2.48457
0.1975,0.7,0.978797,0.0254217,1.36385e-06,0.970455,2.47869
0.2025,0.7,0.971426,0.0340782,2.05777e-06,0.960243,2.47122
0.2075,0.7,0.962964,0.0444844,2.92737e-06,0.948559,2.4626
0.2125,0.7,0.953344,0.056218,4.14603e-06,0.935325,2.45275
0.2175,0.7,0.942861,0.0691246,5.62998e-06,0.920964,2.44194
0.2225,0.7,0.931767,0.0829857,7.56866e-06,0.905836,2.43043
0.2275,0.7,0.92022,0.0974739,9.87808e-06,0.890168,2.41836
0.2325,0.7,0.908435,0.112448,1.27463e-05,0.874256,2.40594
0.2375,0.7,0.896533,0.127733,1.61074e-05,0.858274,2.39331
0.2425,0.7,0.88459,0.143215,2.01296e-05,0.84232,2.38054
0.2475,0.7,0.872679,0.158832,2.47784e-05,0.826497,2.3677
0.2525,0.7,0.860831,0.174538,3.01888e-05,0.810843,2.35483
0.2575,0.7,0.849068,0.190295,3.63578e-05,0.795388,2.34195
0.2625,0.7,0.837405,0.206092,4.3389e-05,0.78015,2.32907
0.2675,0.7,0.825854,0.221911,5.1302e-05,0.765144,2.31622
0.2725,0.7,0.814418,0.237745,6.01763e-05,0.75037,2.30339
0.2775,0.7,0.803104,0.253585,7.00464e-05,0.735836,2.2906
0.2825,0.7,0.791913,0.269428,8.09757e-05,0.721542,2.27784
0.2875,0.7,0.780848,0.285268,9.30061e-05,0.707489,2.26513
0.2925,0.7,0.769909,0.301102,0.000106192,0.693676,2.25246
0.2975,0.7,0.759099,0.316926,0.000120578,0.680103,2.23984
0.3025,0.7,0.748418,0.332738,0.000136215,0.666769,2.22726
0.3075,0.7,0.737865,0.348536,0.000153147,0.653671,2.21474
0.3125,0.7,0.727442,0.364316,0.000171422,0.640809,2.20227
0.3175,0.7,0.717149,0.380077,0.000191086,0.628179,2.18985
0.3225,0.7,0.706985,0.395816,0.000212184,0.615781,2.17749
0.3275,0.7,0.696952,0.41153,0.000234763,0.603613,2.16519
0.3325,0.7,0.687048,0.427217,0.000258869,0.591671,2.15295
0.3375,0.7,0.677275,0.442875,0.000284547,0.579955,2.14077
0.3425,0.7,0.667632,0.458499,0.000311845,0.568462,2.12865
0.3475,0.7,0.65812,0.474088,0.000340809,0.557191,2.1166
0.3525,0.7,0.648739,0.489637,0.000371488,0.546141,2.10462
0.3575,0.7,0.639491,0.505143,0.000403931,0.535309,2.09272
0.3625,0.7,0.630374,0.520601,0.000438187,0.524694,2.08088
0.3675,0.7,0.621392,0.536007,0.000474308,0.514296,2.06913
0.3725,0.7,0.612544,0.551356,0.000512346,0.504113,2.05746
0.3775,0.7,0.603832,0.566642,0.000552356,0.494144,2.04587
0.3825,0.7,0.595257,0.581857,0.000594393,0.48439,2.03437
0.3875,0.7,0.586822,0.596996,0.000638516,0.47485,2.02297
0.3925,0.7,0.578529,0.61205,0.000684782,0.465525,2.01167
0.3975,0.7,0.57038,0.627009,0.000733254,0.456414,2.00048
0.4025,0.7,0.562379,0.641864,0.000783994,0.447519,1.9894
0.4075,0.7,0.554528,0.656603,0.000837064,0.438842,1.97845
0.4125,0.7,0.546832,0.671213,0.000892528,0.430384,1.96762
0.4175,0.7,0.539295,0.685679,0.000950447,0.422148,1.95694
0.4225,0.7,0.531924,0.699986,0.00101088,0.414137,1.94641
0.4275,0.7,0.524723,0.714114,0.00107389,0.406355,1.93605
0.4325,0.7,0.517699,0.728044,0.0011395,0.398806,1.92586
0.4375,0.7,0.510861,0.741752,0.00120776,0.391496,1.91586
0.4425,0.7,0.504215,0.755214,0.00127868,0.38443,1.90608
0.4475,0.7,0.497773,0.768402,0.00135222,0.377616,1.89653
0.4525,0.7,0.491543,0.781283,0.00142835,0.371061,1.88723
0.4575,0.7,0.485538,0.793826,0.00150693,0.364774,1.8782
0.4625,0.7,0.479768,0.805993,0.00158777,0.358764,1.86946
0.4675,0.7,0.474248,0.817746,0.00167059,0.35304,1.86105
0.4725,0.7,0.468989,0.829043,0.00175495,0.347614,1.85299
0.4775,0.7,0.464006,0.839842,0.00184028,0.342495,1.84531
0.4825,0.7,0.459312,0.850099,0.00192577,0.337694,1.83804
0.4875,0.7,0.45492,0.859771,0.00201039,0.33322,1.8312
0.4925,0.7,0.450842,0.868817,0.00209273,0.329084,1.82483
0.4975,0.7,0.447087,0.8772,0.00217121,0.32529,1.81894
0.5025,0.7,0.443665,0.884887,0.00224339,0.321845,1.81356
0.5075,0.7,0.440578,0.891853,0.0023077,0.31875,1.8087
0.5125,0.7,0.437829,0.898085,0.00236306,0.316002,1.80437
0.5175,0.7,0.435411,0.90358,0.00240868,0.313596,1.80058
0.5225,0.7,0.433315,0.908352,0.00244396,0.311519,1.7973
0.5275,0.7,0.431526,0.912427,0.00246846,0.309755,1.79453
0.5325,0.7,0.430023,0.915845,0.0024818,0.30828,1.79223
0.5375,0.7,0.42878,0.918658,0.00248374,0.30707,1.79037
0.5425,0.7,0.42777,0.920929,0.00247412,0.306095,1.7889
0.5475,0.7,0.426962,0.922726,0.00245291,0.305324,1.78777
0.5525,0.7,0.426323,0.924118,0.00242018,0.304726,1.78694
0.5575,0.7,0.425825,0.925174,0.00237612,0.30427,1.78636
0.5625,0.7,0.425439,0.92596,0.00232102,0.303929,1.78597
0.5675,0.7,0.425139,0.926534,0.0022553,0.303677,1.78575
0.5725,0.7,0.424904,0.926946,0.00217941,0.303494,1.78566
0.5775,0.7,0.424715,0.927237,0.0020939,0.30336,1.78567
0.5825,0.7,0.424559,0.927441,0.00199935,0.303262,1.78575
0.5875,0.7,0.424423,0.927584,0.0018964,0.303189,1.78589
0.5925,0.7,0.424299,0.927684,0.00178568,0.303134,1.78609
0.5975,0.7,0.424179,0.927755,0.00166785,0.303089,1.78633
0.6025,0.7,0.42406,0.927806,0.00154357,0.303052,1.78661
0.6075,0.7,0.423936,0.927844,0.0014135,0.303019,1.78694
0.6125,0.7,0.423803,0.927874,0.0012783,0.30299,1.78733
0.6175,0.7,0.423654,0.927897,0.00113863,0.302962,1.78779
0.6225,0.7,0.423484,0.927915,0.000995128,0.302935,1.78835
0.6275,0.7,0.423282,0.92793,0.000848435,0.302909,1.78905
0.6325,0.7,0.423033,0.927941,0.000699185,0.302884,1.78996
0.6375,0.7,0.422716,0.92795,0.000547996,0.302859,1.79115
0.6425,0.7,0.422303,0.927956,0.000395463,0.302835,1.79276
0.6475,0.7,0.421754,0.92796,0.000242148,0.30281,1.79495
0.6525,0.7,0.42102,0.927962,8.85622e-05,0.302787,1.79793
0.6575,0.7,0.420038,0.927961,-6.48513e-05,0.302764,1.802
0.6625,0.7,0.418733,0.927958,-0.000217733,0.302741,1.80748
0.6675,0.7,0.41702,0.927953,-0.000369817,0.302719,1.81477
0.6725,0.7,0.414807,0.927946,-0.00052095,0.302697,1.82432
0.6775,0.7,0.412001,0.927936,-0.000671089,0.302676,1.83662
0.6825,0.7,0.408515,0.927925,-0.000820302,0.302656,1.85217
0.6875,0.7,0.404276,0.927911,-0.000968753,0.302636,1.87147
0.6925,0.7,0.399233,0.927894,-0.00111666,0.302617,1.89499
0.6975,0.7,0.393367,0.927875,-0.00126428,0.302599,1.92314
0.7025,0.7,0.386695,0.927854,-0.00141181,0.302582,1.9562
0.7075,0.7,0.379276,0.927829,-0.00155937,0.302566,1.99436
0.7125,0.7,0.371208,0.927801,-0.00170689,0.302551,2.03761
0.7175,0.7,0.362627,0.92777,-0.00185409,0.302536,2.08573
0.7225,0.7,0.353696,0.927736,-0.00200038,0.302523,2.1383
0.7275,0.7,0.344601,0.927697,-0.00214484,0.302511,2.19465
0.7325,0.7,0.335534,0.927656,-0.00228623,0.3025,2.25387
0.7375,0.7,0.326682,0.92761,-0.00242296,0.302491,2.31487
0.7425,0.7,0.318216,0.927561,-0.00255323,0.302482,2.37639
0.7475,0.7,0.310283,0.927509,-0.00267507,0.302475,2.43709
0.7525,0.7,0.302996,0.927454,-0.00278652,0.302468,2.49564
0.7575,0.7,0.296434,0.927396,-0.00288577,0.302463,2.55085
0.7625,0.7,0.290637,0.927337,-0.0029713,0.302459,2.60169
0.7675,0.7,0.285614,0.927275,-0.003042,0.302456,2.64742
0.7725,0.7,0.281342,0.927214,-0.00309722,0.302454,2.68761
0.7775,0.7,0.277775,0.927152,-0.0031368,0.302454,2.72211
0.7825,0.7,0.274851,0.92709,-0.00316104,0.302454,2.75107
0.7875,0.7,0.272497,0.927029,-0.00317059,0.302455,2.77485
0.7925,0.7,0.270635,0.92697,-0.00316638,0.302458,2.79396
0.7975,0.7,0.269188,0.926913,-0.00314953,0.302461,2.80901
0.8025,0.7,0.268083,0.926859,-0.00312124,0.302465,2.82064
0.8075,0.7,0.267253,0.926807,-0.00308271,0.302471,2.82944
0.8125,0.7,0.266641,0.926758,-0.00303512,0.302477,2.836
0.8175,0.7,0.266197,0.926713,-0.00297957,0.302485,2.8408
0.8225,0.7,0.265881,0.926671,-0.00291705,0.302493,2.84425
0.8275,0.7,0.265661,0.926633,-0.00284851,0.302502,2.8467
0.8325,0.7,0.26551,0.926598,-0.00277479,0.302512,2.84841
0.8375,0.7,0.26541,0.926567,-0.00269667,0.302523,2.84959
0.8425,0.7,0.265345,0.926539,-0.00261486,0.302535,2.8504
0.8475,0.7,0.265305,0.926517,-0.00253005,0.302548,2.85094
0.8525,0.7,0.265283,0.9265,-0.00244288,0.302562,2.85132
0.8575,0.7,0.265272,0.926486,-0.00235398,0.302577,2.85157
0.8625,0.7,0.265268,0.926471,-0.00226393,0.302591,2.85174
0.8675,0.7,0.265266,0.926445,-0.00217332,0.3026,2.85185
0.8725,0.7,0.265265,0.926409,-0.00208271,0.302606,2.85192
0.8775,0.7,0.265272,0.926406,-0.00199275,0.302621,2.85199
0.8825,0.7,0.265306,0.926522,-0.0019042,0.302677,2.85215
0.8875,0.7,0.265373,0.926798,-0.00181781,0.302785,2.85244
0.8925,0.7,0.265422,0.926981,-0.00173391,0.302862,2.85265
0.8975,0.7,0.265294,0.926327,-0.00165191,0.302658,2.85209
0.9025,0.7,0.264835,0.924092,-0.00157065,0.301923,2.85011
0.9075,0.7,0.264297,0.921482,-0.00149117,0.301064,2.84778
0.9125,0.7,0.264882,0.92425,-0.00142152,0.301999,2.85031
0.9175,0.7,0.268396,0.940937,-0.00137734,0.307627,2.86542
0.9225,0.7,0.274336,0.968506,-0.00136533,0.317152,2.89018
0.9275,0.7,0.273859,0.966187,-0.00134303,0.316382,2.88819
0.9325,0.7,0.248397,0.848042,-0.00118102,0.276577,2.78362
0.9375,0.7,0.194885,0.551561,-0.000743858,0.19571,2.51059
0.9425,0.7,0.148945,0.208819,-0.000243749,0.130073,2.18323
0.9475,0.7,0.130296,0.0454138,-4.23174e-05,0.106117,2.03607
0.9525,0.7,0.125921,0.00778757,-6.35217e-06,0.101035,2.00592
0.9575,0.7,0.12515,0.00126707,-9.7628e-07,0.100168,2.00096
0.9625,0.7,0.125024,0.000204339,-1.50936e-07,0.100027,2.00015
0.9675,0.7,0.125004,3.29029e-05,-2.33507e-08,0.100004,2.00002
0.9725,0.7,0.125001,5.29668e-06,-3.61166e-09,0.100001,2
0.9775,0.7,0.125,8.52607e-07,-5.58405e-10,0.1,2
0.9825,0.7,0.125,1.3724e-07,-8.6302e-11,0.1,2
0.9875,0.7,0.125,2.20883e-08,-1.33322e-11,0.1,2
0.9925,0.7,0.125,3.55686e-09,-2.06519e-12,0.1,2
0.9975,0.7,0.125,4.9627e-10,-3.13083e-13,0.1,2
0.0025,0.9,1,-2.65787e-140,-5.73197e-161,1,2.5
0.0075,0.9,1,-3.47084e-69,-6.72396e-90,1,2.5
0.0125,0.9,1,-8.19483e-34,-1.28002e-54,1,2.5
0.0175,0.9,1,-2.52243e-16,-2.41019e-37,1,2.5
0.0225,0.9,1,3.38352e-15,-4.07452e-18,1,2.5
0.0275,0.9,1,8.06413e-14,-9.64229e-18,1,2.5
0.0325,0.9,1,3.32185e-13,1.76331e-16,1,2.5
0.0375,0.9,1,1.48806e-12,-6.77891e-16,1,2.5
0.0425,0.9,1,3.76706e-12,8.68122e-16,1,2.5
0.0475,0.9,1,1.27751e-11,-5.84099e-16,1,2.5
0.0525,0.9,1,2.97324e-11,2.35967e-15,1,2.5
0.0575,0.9,1,9.41196e-11,7.44182e-16,1,2.5
0.0625,0.9,1,2.11733e-10,8.21347e-15,1,2.5
0.0675,0.9,1,6.39559e-10,1.38126e-14,1,2.5
0.0725,0.9,1,1.40512e-09,5.01549e-14,1,2.5
0.0775,0.9,1,4.06668e-09,1.08009e-13,1,2.5
0.0825,0.9,1,8.7333e-09,3.32275e-13,1,2.5
0.0875,0.9,1,2.41983e-08,7.21011e-13,1,2.5
0.0925,0.9,1,5.0745e-08,2.07718e-12,1,2.5
0.0975,0.9,1,1.34378e-07,4.41384e-12,1,2.5
0.1025,0.9,1,2.74774e-07,1.21283e-11,1,2.5
0.1075,0.9,0.999999,6.9392e-07,2.51637e-11,0.999999,2.5
0.1125,0.9,0.999999,1.38116e-06,6.60155e-11,0.999998,2.5
0.1175,0.9,0.999997,3.31816e-06,1.33502e-10,0.999996,2.5
0.1225,0.9,0.999994,6.41548e-06,3.33902e-10,0.999992,2.49999
0.1275,0.9,0.999989,1.46201e-05,6.56925e-10,0.999984,2.49999
0.1325,0.9,0.999975,2.7392e-05,1.56238e-09,0.999965,2.49997
0.1375,0.9,0.999954,5.90116e-05,2.98401e-09,0.999935,2.49995
0.1425,0.9,0.999903,0.000106825,6.72714e-09,0.999864,2.4999
0.1475,0.9,0.999828,0.000216686,1.24399e-08,0.999759,2.49983
0.1525,0.9,0.999662,0.000377634,2.64815e-08,0.999527,2.49966
0.1575,0.9,0.999423,0.000717811,4.72603e-08,0.999192,2.49942
0.1625,0.9,0.99894,0.00119907,9.45689e-08,0.998517,2.49894
0.1675,0.9,0.998271,0.00212445,1.62245e-07,0.997581,2.49827
0.1725,0.9,0.99705,0.00338392,3.03633e-07,0.995873,2.49705
0.1775,0.9,0.995424,0.00555898,4.98534e-07,0.993601,2.49542
0.1825,0.9,0.99278,0.00839566,8.68429e-07,0.989909,2.49277
0.1875,0.9,0.989418,0.012742,1.35853e-06,0.985221,2.48939
0.1925,0.9,0.984595,0.0181544,2.19684e-06,0.978504,2.48454
0.1975,0.9,0.978761,0.0254682,3.26406e-06,0.970398,2.47864
0.2025,0.9,0.971377,0.0341416,4.90777e-06,0.960165,2.47114
0.2075,0.9,0.9629,0.044569,6.92449e-06,0.948456,2.4625
0.2125,0.9,0.953263,0.0563275,9.74957e-06,0.935191,2.4526
0.2175,0.9,0.94276,0.0692632,1.31111e-05,0.920794,2.44175
0.2225,0.9,0.931645,0.0831574,1.74757e-05,0.905625,2.43018
0.2275,0.9,0.920075,0.0976833,2.25495e-05,0.889911,2.41804
0.2325,0.9,0.908265,0.112699,2.87747e-05,0.873949,2.40554
0.2375,0.9,0.896338,0.128031,3.58866e-05,0.857909,2.39282
0.2425,0.9,0.884367,0.143564,4.42483e-05,0.841893,2.37993
0.2475,0.9,0.872428,0.159236,5.36589e-05,0.826002,2.36696
0.2525,0.9,0.86055,0.175002,6.43688e-05,0.810275,2.35395
0.2575,0.9,0.848757,0.190823,7.62399e-05,0.794742,2.3409
0.2625,0.9,0.837064,0.206687,8.94138e-05,0.779421,2.32784
0.2675,0.9,0.825483,0.222579,0.000103793,0.764326,2.31478
0.2725,0.9,0.814017,0.238488,0.00011943,0.749459,2.30173
0.2775,0.9,0.802673,0.254407,0.000136246,0.734827,2.28869
0.2825,0.9,0.791452,0.270333,0.000154224,0.720431,2.27566
0.2875,0.9,0.780359,0.286258,0.000173283,0.706272,2.26265
0.2925,0.9,0.769392,0.30218,0.000193358,0.692349,2.24966
0.2975,0.9,0.758555,0.318095,0.000214351,0.678663,2.23669
0.3025,0.9,0.747848,0.334001,0.000236158,0.665211,2.22375
0.3075,0.9,0.737271,0.349895,0.000258656,0.651992,2.21083
0.3125,0.9,0.726824,0.365774,0.000281711,0.639006,2.19794
0.3175,0.9,0.716508,0.381635,0.000305171,0.626249,2.18507
0.3225,0.9,0.706323,0.397476,0.000328872,0.613721,2.17224
0.3275,0.9,0.696269,0.413295,0.000352633,0.601419,2.15943
0.3325,0.9,0.686347,0.429089,0.000376262,0.589341,2.14666
0.3375,0.9,0.676556,0.444854,0.000399549,0.577487,2.13392
0.3425,0.9,0.666896,0.460589,0.000422274,0.565853,2.12122
0.3475,0.9,0.657369,0.476289,0.000444201,0.554439,2.10855
0.3525,0.9,0.647974,0.491951,0.000465084,0.543242,2.09593
0.3575,0.9,0.638712,0.507571,0.000484661,0.532262,2.08334
0.3625,0.9,0.629584,0.523145,0.000502663,0.521498,2.0708
0.3675,0.9,0.62059,0.538668,0.000518809,0.510947,2.05831
0.3725,0.9,0.611731,0.554136,0.000532812,0.50061,2.04587
0.3775,0.9,0.603009,0.569542,0.000544378,0.490485,2.03349
0.3825,0.9,0.594425,0.584879,0.000553215,0.480572,2.02116
0.3875,0.9,0.585982,0.600141,0.000559032,0.470872,2.0089
0.3925,0.9,0.57768,0.61532,0.000561547,0.461384,1.99671
0.3975,0.9,0.569523,0.630406,0.000560498,0.452109,1.9846
0.4025,0.9,0.561514,0.645389,0.000555651,0.443049,1.97256
0.4075,0.9,0.553656,0.660258,0.000546815,0.434204,1.96062
0.4125,0.9,0.545953,0.674999,0.000533862,0.425576,1.94878
0.4175,0.9,0.53841,0.689598,0.000516752,0.417169,1.93704
0.4225,0.9,0.531032,0.704038,0.000495561,0.408985,1.92543
0.4275,0.9,0.523826,0.7183,0.00047053,0.401029,1.91395
0.4325,0.9,0.516798,0.732364,0.000442113,0.393306,1.90261
0.4375,0.9,0.509957,0.746205,0.000411051,0.385821,1.89144
0.4425,0.9,0.503313,0.759795,0.000378456,0.378581,1.88045
0.4475,0.9,0.496875,0.773104,0.000345927,0.371594,1.86966
0.4525,0.9,0.490656,0.786099,0.000315686,0.364869,1.85909
0.4575,0.9,0.484669,0.79874,0.000290766,0.358417,1.84877
0.4625,0.9,0.47893,0.810984,0.000275192,0.35225,1.83873
0.4675,0.9,0.473454,0.822785,0.000274344,0.34638,1.82901
0.4725,0.9,0.46826,0.83409,0.000295053,0.340823,1.81963
0.4775,0.9,0.463368,0.844843,0.000346588,0.335594,1.81063
0.4825,0.9,0.458798,0.854985,0.000439671,0.330711,1.80205
0.4875,0.9,0.454572,0.864451,0.000590987,0.32619,1.79394
0.4925,0.9,0.450714,0.873181,0.000813794,0.322053,1.78635
0.4975,0.9,0.44724,0.8811,0.00114633,0.31831,1.7793
0.5025,0.9,0.44414,0.888179,0.00157967,0.314993,1.77305
0.5075,0.9,0.441397,0.894449,0.00205932,0.312076,1.76755
0.5125,0.9,0.438999,0.899928,0.00255323,0.309542,1.76277
0.5175,0.9,0.436933,0.904633,0.00304206,0.307374,1.7587
0.5225,0.9,0.435187,0.908589,0.00351399,0.305557,1.75532
0.5275,0.9,0.433742,0.911831,0.00396175,0.304069,1.75259
0.5325,0.9,0.432575,0.914404,0.00438099,0.302886,1.75048
0.5375,0.9,0.431659,0.916367,0.00476917,0.30198,1.74895
0.5425,0.9,0.430962,0.917789,0.00512497,0.30132,1.74795
0.5475,0.9,0.430451,0.918744,0.00544789,0.300873,1.74743
0.5525,0.9,0.430091,0.919309,0.005738,0.300604,1.74733
0.5575,0.9,0.429849,0.919559,0.00599575,0.300482,1.7476
0.5625,0.9,0.429693,0.919565,0.00622185,0.300475,1.7482
0.5675,0.9,0.429594,0.919392,0.0064172,0.300557,1.74908
0.5725,0.9,0.42953,0.919094,0.00658284,0.300705,1.7502
0.5775,0.9,0.429479,0.918715,0.00671987,0.300898,1.75153
0.5825,0.9,0.429425,0.918292,0.00682943,0.301123,1.75306
0.5875,0.9,0.429356,0.917852,0.0069127,0.301367,1.75476
0.5925,0.9,0.429263,0.917415,0.00697089,0.301622,1.75663
0.5975,0.9,0.429137,0.916996,0.00700519,0.301882,1.75866
0.6025,0.9,0.428973,0.916603,0.00701682,0.302142,1.76085
0.6075,0.9,0.428767,0.916245,0.00700706,0.302401,1.7632
0.6125,0.9,0.428513,0.915924,0.0069771,0.302656,1.76573
0.6175,0.9,0.428206,0.915644,0.00692844,0.302905,1.76846
0.6225,0.9,0.427838,0.915406,0.00686312,0.303149,1.7714
0.6275,0.9,0.427398,0.915211,0.00678261,0.303388,1.77462
0.6325,0.9,0.426873,0.915059,0.00668817,0.303619,1.77816
0.6375,0.9,0.426239,0.914951,0.00658111,0.303845,1.78213
0.6425,0.9,0.425467,0.914886,0.00646282,0.304064,1.78665
0.6475,0.9,0.424519,0.914865,0.00633484,0.304276,1.79189
0.6525,0.9,0.423342,0.914888,0.00619885,0.304482,1.79809
0.6575,0.9,0.421875,0.914953,0.00605668,0.304681,1.80552
0.6625,0.9,0.420044,0.915061,0.00591029,0.304874,1.81454
0.6675,0.9,0.417766,0.915212,0.0057617,0.30506,1.82554
0.6725,0.9,0.414955,0.915405,0.00561296,0.305239,1.83899
0.6775,0.9,0.411524,0.915641,0.00546603,0.305411,1.85536
0.6825,0.9,0.407397,0.915918,0.00532277,0.305575,1.87517
0.6875,0.9,0.402513,0.916237,0.00518479,0.305732,1.8989
0.6925,0.9,0.396835,0.916599,0.00505339,0.305881,1.927
0.6975,0.9,0.390362,0.917001,0.00492953,0.306022,1.95986
0.7025,0.9,0.383127,0.917445,0.00481374,0.306155,1.99774
0.7075,0.9,0.375204,0.91793,0.00470612,0.30628,2.04075
0.7125,0.9,0.366706,0.918455,0.00460634,0.306396,2.08884
0.7175,0.9,0.357778,0.91902,0.00451361,0.306504,2.14172
0.7225,0.9,0.348592,0.919622,0.00442677,0.306604,2.19887
0.7275,0.9,0.339334,0.92026,0.00434432,0.306695,2.25954
0.7325,0.9,0.330194,0.920931,0.00426454,0.306779,2.32272
0.7375,0.9,0.321353,0.921632,0.00418556,0.306856,2.38722
0.7425,0.9,0.312974,0.922359,0.00410556,0.306925,2.45168
0.7475,0.9,0.305192,0.923108,0.00402285,0.306988,2.51472
0.7525,0.9,0.298108,0.923873,0.00393601,0.307045,2.57494
0.7575,0.9,0.29179,0.924649,0.00384403,0.307095,2.63114
0.7625,0.9,0.286266,0.92543,0.00374634,0.30714,2.68229
0.7675,0.9,0.281537,0.92621,0.00364281,0.307179,2.7277
0.7725,0.9,0.277571,0.926983,0.00353377,0.307213,2.76697
0.7775,0.9,0.274318,0.927744,0.00341988,0.307242,2.80005
0.7825,0.9,0.271711,0.928488,0.00330204,0.307265,2.82713
0.7875,0.9,0.269673,0.92921,0.0031813,0.307283,2.84867
0.7925,0.9,0.268124,0.929908,0.00305873,0.307296,2.86525
0.7975,0.9,0.266985,0.930576,0.00293538,0.307304,2.87754
0.8025,0.9,0.266182,0.931214,0.00281217,0.307306,2.88624
0.8075,0.9,0.265648,0.931818,0.00268991,0.307302,2.89201
0.8125,0.9,0.265323,0.932387,0.00256925,0.307293,2.89546
0.8175,0.9,0.265158,0.93292,0.00245071,0.307279,2.89713
0.8225,0.9,0.26511,0.933415,0.00233468,0.307258,2.89746
0.8275,0.9,0.265146,0.933871,0.00222145,0.307231,2.89681
0.8325,0.9,0.265239,0.934288,0.00211123,0.307199,2.89548
0.8375,0.9,0.26537,0.934664,0.00200419,0.30716,2.8937
0.8425,0.9,0.265522,0.935001,0.00190044,0.307115,2.89161
0.8475,0.9,0.265684,0.935297,0.00180006,0.307063,2.88937
0.8525,0.9,0.265848,0.935553,0.00170315,0.307006,2.88704
0.8575,0.9,0.266008,0.935768,0.00160977,0.306943,2.88471
0.8625,0.9,0.266159,0.935937,0.00152001,0.306871,2.88241
0.8675,0.9,0.266295,0.93605,0.00143393,0.306789,2.88016
0.8725,0.9,0.266415,0.936106,0.00135162,0.306695,2.87797
0.8775,0.9,0.266524,0.936138,0.00127324,0.3066,2.87591
0.8825,0.9,0.266639,0.936229,0.00119904,0.306534,2.87405
0.8875,0.9,0.266772,0.936439,0.00112925,0.306515,2.87244
0.8925,0.9,0.266881,0.93657,0.00106377,0.306478,2.87093
0.8975,0.9,0.26682,0.935936,0.00100193,0.30619,2.86888
0.9025,0.9,0.266419,0.93372,0.000942834,0.305375,2.86556
0.9075,0.9,0.26585,0.930743,0.000887202,0.304314,2.86171
0.9125,0.9,0.266192,0.932154,0.0008403,0.304738,2.86202
0.9175,0.9,0.269274,0.946611,0.000811571,0.30959,2.87431
0.9225,0.9,0.275112,0.97361,0.000803404,0.318905,2.89796
0.9275,0.9,0.276053,0.97765,0.000786383,0.320343,2.9011
0.9325,0.9,0.25389,0.875922,0.000681626,0.28545,2.81076
0.9375,0.9,0.201698,0.595446,0.00042054,0.205997,2.55328
0.9425,0.9,0.15269,0.240807,0.000134438,0.135215,2.21388
0.9475,0.9,0.131341,0.0545741,2.22245e-05,0.107373,2.04377
0.9525,0.9,0.126112,0.0094108,3.24405e-06,0.101252,2.00717
0.9575,0.9,0.125181,0.00152423,4.9842e-07,0.100202,2.00115
0.9625,0.9,0.125029,0.000244275,7.73988e-08,0.100032,2.00018
0.9675,0.9,0.125005,3.90817e-05,1.20329e-08,0.100005,2.00003
0.9725,0.9,0.125001,6.25187e-06,1.87018e-09,0.100001,2
0.9775,0.9,0.125,1.0002e-06,2.90514e-10,0.1,2
0.9825,0.9,0.125,1.60037e-07,4.51036e-11,0.1,2
0.9875,0.9,0.125,2.56078e-08,6.99854e-12,0.1,2
0.9925,0.9,0.125,4.10026e-09,1.08875e-12,0.1,2
0.9975,0.9,0.125,5.69333e-10,1.6581e-13,0.1,2
